pip 5 15 5 43 0 5
pip 2 15 6 43 0 6
pip 2 15 7 43 0 7
pip 1 15 8 43 0 8
pip 2 15 9 43 0 9
pip 15 15 23 43 1 23
pip 15 15 25 43 1 25
pip 15 15 26 43 1 26
pip 15 15 33 43 1 33
pip 15 15 34 43 1 34
pip 15 15 42 43 1 42
pip 15 15 43 43 1 43
pip 15 15 44 43 1 44
pip 14 15 45 43 0 45
pip 14 15 46 43 0 46
pip 14 15 47 43 0 47
pip 14 15 48 43 0 48
pip 14 15 49 43 0 49
pip 14 15 50 43 0 50
pip 14 15 51 43 0 51
pip 14 15 52 43 0 52
pip 8 15 53 43 0 53
pip 8 15 54 43 0 54
pip 4 15 55 43 0 55
pip 4 15 56 43 0 56
pip 3 15 57 43 0 57
